Round,Accuracy
20,35.12
